499

-18
-237
203
-156
81
-14
-51
55
-108
-154
-65
-181
-190
-45
191
-188
-37
231
-201
32
-212
-85
-240
-218
-162
247
-219
-160
-149
-31
-93
74
-174
120
-113
-53
28
-151
91
-77
-113
190
-208
-175
70
103
-5
31
121
38
66
-195
-158
-158
-102
-134
144
190
-217
-103
79
-146
-153
-234
36
-94
199
-101
-65
-118
186
-35
-18
78
-49
-53
124
-105
-46
-17
33
205
-194
-118
-229
-17
69
17
-22
-48
203
-183
140
-105
-77
187
101
153
-68
140
-59
53
-209
-222
-63
-79
-58
204
50
-109
-152
-141
192
182
134
-86
-52
182
202
-162
24
245
-63
213
159
108
171
44
-217
-43
-47
99
114
-186
10
-62
-175
194
-45
33
19
99
43
187
169
16
-133
-125
172
231
-119
74
-25
-155
-185
-47
223
-239
-182
-46
160
-217
-204
-236
-246
-202
-165
-144
-239
-25
-9
233
232
11
22
-96
-188
-181
-175
-3
-97
-130
41
109
138
-139
204
-72
44
-198
142
208
-148
193
67
-122
-214
-149
-86
-111
173
171
18
-175
-17
67
192
-146
13
-198
-204
-195
-167
-176
-28
234
62
-1
171
91
66
163
-159
203
-174
48
40
-22
-171
-194
210
32
33
-246
-28
-147
63
155
242
56
245
11
108
79
11
-5
-152
113
141
33
57
113
126
224
-68
10
-210
41
-243
88
-69
-56
-192
-114
-106
100
-172
188
-112
-85
52
-133
-209
89
-212
122
-248
41
-34
87
-183
101
-62
227
23
81
-181
-158
-200
-234
35
23
105
-9
216
-6
83
77
-237
-114
107
132
-182
86
-56
13
-131
-237
-40
-204
-62
-96
-158
141
126
152
218
11
61
-181
224
81
-111
159
218
161
-10
-191
-223
-43
225
-132
-241
-124
-109
-114
111
-215
-113
-147
40
-186
-164
183
242
-45
-64
169
-171
76
-232
200
-61
209
109
-175
-94
112
-158
-113
-109
76
-102
-226
-187
132
-60
-117
208
-150
114
-231
-213
-139
244
185
-105
181
153
-187
-58
-51
-30
118
-63
205
181
177
162
222
103
-41
189
-165
-66
-233
-69
-167
-174
-204
231
144
-174
178
-75
-77
205
114
184
18
66
-87
-199
-141
-216
-84
216
-41
-98
-142
-59
46
190
-102
-21
-232
25
-196
-25
-71
223
-15
221
7
-2
-31
142
-69
80
45
-158
34
233
17
-156
-56
214
43
-178
226
232
-159
-105
160
175
-249
-118
-24
26
-135
-71
-214
159
-245
29
76
-120
126
-213
-199
-151
-74
-124
93
-86
36
173
62
-152
87
182
-210
-61
49
-199
-181
214
-97
61
-144
138
-83
-225
-250
-180
-218
51
-183
-10
-18
